3 5 3
10
4 50 4 10
39
1 1 8 1 (5,20)
2 2 10 0
2 3 9 0
4 4 20 2 (13,20),(15,17)
5 5 4 0
5 6 21 0
5 7 11 0
5 8 9 0
5 9 7 0
10 10 100 0
11 11 14 0
11 12 25 0
11 13 28 0
11 14 38 3 (5,20),(13,20),(15,17)
15 15 110 0
20 16 98 4 (17,20),(20,17),(30,20),(150,17)
20 17 201 2 (43,20),(150,17)
21 18 45 0
30 19 210 0
39 20 110 4 (17,20),(20,17),(30,20),(150,17)
40 21 98 0
49 22 75 0
70 23 43 0
78 24 10 0
90 25 22 0
95 26 56 3 (23,12),(39,21),(150,17)
100 27 81 1 (5,20)
105 28 19 0
110 29 90 0
130 30 20 2 (13,20),(15,17)
150 31 47 0
155 32 29 2 (20,17),(30,20)
155 33 19 0
156 34 90 0
200 35 71 0
220 36 42 0
221 37 10 0
221 38 22 2 (20,17),(30,20)
221 39 55 0
6 2
7 7
7 8
8 5
10 10
15 20
20 25
30 27
90 28