TT	PID	AT	CT	IO_D	|  	WT	RT	TRT
7	2	2	10	0	|  	5	0	5
9	5	5	4	0	|  	4	0	4
11	40	9	1	0	|  	1	1	2
11	3	2	9	0	|  	9	0	9
11	10	10	100	0	|  	1	0	1
12	9	5	7	0	|  	7	0	7
14	8	5	9	0	|  	9	0	9
16	7	5	11	0	|  	11	0	11
25	11	11	14	0	|  	14	0	14
26	6	5	21	0	|  	21	0	21
29	1	1	8	20	|  	20	0	28
36	12	11	25	0	|  	25	0	25
39	13	11	28	0	|  	28	0	28
39	41	19	19	0	|  	1	6	20
39	43	38	5	0	|  	1	1	1
39	42	25	13	0	|  	1	11	14
66	18	21	45	0	|  	45	0	45
88	24	78	10	0	|  	10	0	10
112	25	90	22	0	|  	22	0	22
113	23	70	43	0	|  	43	0	43
117	22	49	75	0	|  	68	0	68
123	28	105	19	0	|  	18	0	18
125	15	15	110	0	|  	110	0	110
137	44	43	94	0	|  	94	0	94
137	50	60	76	0	|  	1	77	77
137	51	70	66	0	|  	1	67	67
138	21	40	98	0	|  	98	0	98
138	45	44	93	0	|  	1	94	94
155	47	49	99	0	|  	7	7	106
155	48	56	98	0	|  	1	99	99
155	49	60	94	0	|  	1	78	95
155	53	148	83	0	|  	7	7	7
167	4	4	20	37	|  	143	0	163
174	33	155	19	0	|  	19	0	19
192	29	110	90	0	|  	82	0	82
197	31	150	47	0	|  	47	0	47
231	37	221	10	0	|  	10	0	10
238	46	47	101	0	|  	90	90	191
238	52	141	96	0	|  	1	13	97
238	55	156	93	0	|  	82	19	82
238	58	177	90	0	|  	61	61	61
238	59	181	86	0	|  	57	57	57
238	56	159	90	0	|  	79	79	79
238	54	151	86	0	|  	1	87	87
240	19	30	210	0	|  	210	0	210
246	34	156	90	0	|  	90	0	90
249	14	11	38	57	|  	200	0	238
253	60	248	5	0	|  	5	0	5
253	61	252	1	0	|  	1	0	1
254	57	167	16	0	|  	71	71	87
263	36	220	42	0	|  	1	0	43
271	35	200	71	0	|  	71	0	71
275	27	100	81	20	|  	94	0	175
291	32	155	29	37	|  	107	0	136
297	63	271	26	0	|  	26	0	26
297	64	273	23	0	|  	1	24	24
297	65	275	21	0	|  	1	22	22
298	62	267	31	0	|  	31	0	31
298	66	286	11	0	|  	1	12	12
299	39	221	55	0	|  	23	4	78
299	67	288	10	0	|  	1	11	11
322	38	221	22	37	|  	79	10	101
364	16	20	98	74	|  	246	0	344
376	26	95	56	50	|  	225	0	281
399	30	130	20	37	|  	249	0	269
412	20	39	110	74	|  	263	0	373
424	17	20	201	37	|  	203	0	404

Processes: 67
Avg WT = 53.1	Avg RT = 15	Avg TRT = 78.5
Migration %: 	RTF= 7.46%	MAxW= 10.4%
Work steal %: 103%
Forked processes %: 41.8
killed processes %: 13.4

Processors: 11[3 FCFS, 5 SJF, 3 RR ]
Processors Load: 
P1= 5.59%     P2= 5.13%     P3= 4.92%     P4= 4.49%     P5= 3.99%     P6= 4.75%     P7= 3.33%     P8= 3.9%     P9= 4.56%     P10= 4.13%     P11= 1.35%     
Processors Utiliz: 
P1= 70.2%     P2= 63.8%     P3= 61.2%     P4= 55.7%     P5= 49.5%     P6= 59%     P7= 41.3%     P8= 48.3%     P9= 54.3%     P10= 49.2%     P11= 16.6%     
Avg Utilization: 51.7
