TT	PID	AT	CT	IO_D	|  	WT	RT	TRT
65	20	20	25	0	|  	20	20	45
82	37	2	80	0	|  	80	0	80
82	38	2	79	0	|  	1	80	80
82	40	3	78	0	|  	1	79	79
82	2	3	79	0	|  	79	0	79
83	36	1	82	0	|  	82	0	82
83	41	4	78	0	|  	1	79	79
93	27	24	9	0	|  	60	60	69
103	23	21	59	0	|  	23	23	82
119	39	3	80	0	|  	36	36	116
119	42	39	79	0	|  	1	80	80
119	43	40	78	0	|  	1	43	79
119	46	85	75	0	|  	34	29	34
119	50	114	74	0	|  	5	5	5
119	51	115	73	0	|  	4	4	4
119	47	86	74	0	|  	33	33	33
133	44	83	15	0	|  	35	35	50
133	52	118	14	0	|  	1	15	15
133	54	119	13	0	|  	1	14	14
147	45	84	14	0	|  	49	49	63
147	58	133	13	0	|  	1	14	14
147	59	135	11	0	|  	1	12	12
165	8	8	13	35	|  	144	1	157
168	4	6	52	26	|  	110	0	162
171	14	15	54	0	|  	102	0	156
174	1	1	83	64	|  	90	0	173
177	11	11	57	0	|  	109	2	166
181	33	33	85	48	|  	63	6	148
184	24	21	54	0	|  	109	92	163
188	6	7	88	19	|  	93	0	181
193	5	6	77	22	|  	110	0	187
198	49	94	79	0	|  	25	25	104
198	56	120	77	0	|  	1	78	78
198	57	121	76	0	|  	1	77	77
198	48	93	80	0	|  	25	25	105
198	53	118	79	0	|  	1	29	80
198	60	147	78	0	|  	51	51	51
198	61	149	76	0	|  	49	49	49
198	55	119	78	0	|  	1	79	79
198	34	34	50	27	|  	114	1	164
200	10	10	97	0	|  	93	93	190
211	3	4	48	25	|  	159	0	207
212	19	19	67	12	|  	126	5	193
260	28	25	4	39	|  	231	6	235
286	21	20	17	23	|  	249	62	266
323	35	35	31	11	|  	257	58	288
343	25	23	90	19	|  	230	4	320
366	26	24	81	14	|  	261	69	342
388	29	26	96	24	|  	266	13	362
401	16	17	78	2	|  	306	4	384
403	31	32	16	19	|  	355	2	371
404	13	14	52	29	|  	338	94	390
432	32	33	26	32	|  	373	4	399
449	7	7	43	22	|  	399	0	442
456	17	17	71	10	|  	368	106	439
475	22	20	4	28	|  	451	85	455
500	12	11	88	34	|  	401	1	489
530	18	19	34	44	|  	477	2	511
555	15	15	60	50	|  	480	59	540
565	30	29	88	27	|  	448	48	536
583	9	9	47	58	|  	527	56	574

Processes: 61
Avg WT = 140	Avg RT = 32.7	Avg TRT = 187
Migration %: 	RTF= 59%	MAxW= 42.6%
Work steal %: 42.6%
Forked processes %: 42.6
killed processes %: 13.1

Processors: 9[3 FCFS, 3 SJF, 3 RR ]
Processors Load: 
P1= 1.73%     P2= 1.73%     P3= 1.72%     P4= 2.24%     P5= 1.86%     P6= 1.74%     P7= 4.87%     P8= 3.34%     P9= 2.2%     
Processors Utiliz: 
P1= 35.1%     P2= 34%     P3= 33.6%     P4= 43.7%     P5= 36.4%     P6= 34%     P7= 74.2%     P8= 54.6%     P9= 38.1%     
Avg Utilization: 42.6
