TT	PID	AT	CT	IO_D	|  	WT	RT	TRT
22	7	7	20	37	|  	15	0	15
24	8	8	20	37	|  	16	0	16
26	9	9	20	37	|  	17	0	17
32	11	11	20	0	|  	1	1	21
56	13	3	53	0	|  	53	0	53
56	14	3	52	0	|  	1	53	53
56	19	8	47	0	|  	1	48	48
57	12	3	54	0	|  	54	0	54
57	16	4	52	0	|  	1	53	53
67	15	4	53	0	|  	10	10	63
67	20	14	52	0	|  	1	53	53
67	21	18	48	0	|  	1	49	49
131	4	4	20	37	|  	107	0	127
137	3	3	134	0	|  	134	0	134
137	17	5	131	0	|  	1	51	132
137	22	56	130	0	|  	81	11	81
137	26	67	129	0	|  	70	70	70
137	27	69	127	0	|  	68	68	68
137	23	57	129	0	|  	80	80	80
137	18	7	129	0	|  	1	50	130
137	24	59	126	0	|  	78	78	78
137	25	64	121	0	|  	73	73	73
154	2	2	56	37	|  	96	0	152
170	5	5	20	48	|  	145	0	165
213	6	6	20	47	|  	187	0	207
248	10	10	20	54	|  	218	7	238
260	1	1	200	37	|  	59	0	259

Processes: 27
Avg WT = 58.1	Avg RT = 28	Avg TRT = 92.2
Migration %: 	RTF= 37%	MAxW= 22.2%
Work steal %: 3.7%
Forked processes %: 59.3
killed processes %: 0

Processors: 10[4 FCFS, 2 SJF, 4 RR ]
Processors Load: 
P1= 5.46%     P2= 5.38%     P3= 5.34%     P4= 5.34%     P5= 1.97%     P6= 1.69%     P7= 6.87%     P8= 4.22%     P9= 0.723%     P10= 0.723%     
Processors Utiliz: 
P1= 53.5%     P2= 51.5%     P3= 51.2%     P4= 51.2%     P5= 18.8%     P6= 16.2%     P7= 54.8%     P8= 36.2%     P9= 6.79%     P10= 6.79%     
Avg Utilization: 34.7
