TT	PID	AT	CT	IO_D	|  	WT	RT	TRT
7	2	2	10	0	|  	5	0	5
9	5	5	4	0	|  	4	0	4
11	3	2	9	0	|  	9	0	9
11	10	10	100	0	|  	1	0	1
12	9	5	7	0	|  	7	0	7
14	8	5	9	0	|  	9	0	9
16	7	5	11	0	|  	11	0	11
25	11	11	14	0	|  	14	0	14
26	6	5	21	0	|  	21	0	21
32	1	1	8	20	|  	23	0	31
36	12	11	25	0	|  	25	0	25
39	13	11	28	0	|  	28	0	28
66	18	21	45	0	|  	45	0	45
88	24	78	10	0	|  	10	0	10
112	25	90	22	0	|  	22	0	22
113	23	70	43	0	|  	43	0	43
124	22	49	75	0	|  	75	0	75
124	28	105	19	0	|  	19	0	19
125	15	15	110	0	|  	110	0	110
138	21	40	98	0	|  	98	0	98
167	4	4	20	37	|  	143	0	163
174	33	155	19	0	|  	19	0	19
197	31	150	47	0	|  	47	0	47
200	29	110	90	0	|  	90	0	90
231	37	221	10	0	|  	10	0	10
240	19	30	210	0	|  	210	0	210
246	34	156	90	0	|  	90	0	90
249	40	230	19	0	|  	19	0	19
251	27	100	81	20	|  	70	0	151
262	36	220	42	0	|  	42	0	42
271	35	200	71	0	|  	71	0	71
276	39	221	55	0	|  	55	0	55
285	45	266	19	0	|  	19	0	19
291	32	155	29	37	|  	107	0	136
295	14	11	38	57	|  	246	0	284
297	43	250	47	0	|  	47	0	47
301	49	291	10	0	|  	10	0	10
321	41	231	90	0	|  	90	0	90
332	48	290	42	0	|  	42	0	42
356	26	95	56	50	|  	205	0	261
361	47	290	71	0	|  	71	0	71
370	46	280	90	0	|  	90	0	90
370	16	20	98	74	|  	252	0	350
370	17	20	201	37	|  	149	0	350
380	38	221	22	37	|  	137	0	159
419	30	130	20	37	|  	269	0	289
433	20	39	110	74	|  	284	0	394
440	44	265	29	37	|  	146	0	175
452	50	300	22	37	|  	130	0	152
470	42	232	20	37	|  	218	0	238

Processes: 50
Avg WT = 79.1	Avg RT = 0	Avg TRT = 94.2
Migration %: 	RTF= 8%	MAxW= 40%
Work steal %: 52%
Forked processes %: 0
killed processes %: 18

Processors: 15[5 FCFS, 5 SJF, 5 RR ]
Processors Load: 
P1= 6.62%     P2= 5.96%     P3= 4.9%     P4= 4.65%     P5= 3.31%     P6= 6.84%     P7= 4.01%     P8= 2.74%     P9= 2.46%     P10= 0.276%     P11= 5.07%     P12= 2.1%     P13= 0.552%     P14= 0%     P15= 0%     
Processors Utiliz: 
P1= 67.8%     P2= 60.6%     P3= 49.4%     P4= 46.7%     P5= 33.3%     P6= 68.5%     P7= 40.2%     P8= 27.4%     P9= 24.7%     P10= 2.77%     P11= 49.1%     P12= 20.8%     P13= 5.52%     P14= 0%     P15= 0%     
Avg Utilization: 33.1
