TT	PID	AT	CT	IO_D	|  	WT	RT	TRT
7	2	2	10	0	|  	5	0	5
7	17	4	7	0	|  	3	3	3
8	7	5	11	0	|  	3	3	3
8	8	5	9	0	|  	3	3	3
11	16	4	4	0	|  	3	3	7
11	19	8	2	0	|  	1	3	3
11	21	9	1	0	|  	1	2	2
11	3	2	9	0	|  	9	0	9
11	14	2	8	0	|  	1	4	9
11	18	7	6	0	|  	4	4	4
11	20	9	4	0	|  	2	2	2
11	15	3	7	0	|  	1	8	8
13	12	11	2	0	|  	2	0	2
15	10	10	4	0	|  	1	1	5
15	22	11	3	0	|  	1	4	4
15	23	12	2	0	|  	1	3	3
18	25	14	3	0	|  	1	1	4
18	13	11	5	0	|  	2	2	7
18	24	13	4	0	|  	1	5	5
18	5	5	4	0	|  	9	0	13
21	11	11	10	0	|  	10	0	10
21	26	15	5	0	|  	1	3	6
21	28	19	3	0	|  	2	0	2
21	27	17	3	0	|  	1	4	4
24	6	5	21	0	|  	19	2	19
25	9	5	7	0	|  	13	13	20
28	29	25	2	0	|  	1	1	3
28	1	1	8	20	|  	19	0	27
68	4	4	20	37	|  	44	0	64

Processes: 29
Avg WT = 5.66	Avg RT = 2.55	Avg TRT = 8.83
Migration %: 	RTF= 10.3%	MAxW= 3.45%
Work steal %: 24.1%
Forked processes %: 55.2
killed processes %: 10.3

Processors: 5[3 FCFS, 1 SJF, 1 RR ]
Processors Load: 
P1= 9.77%     P2= 8.98%     P3= 6.64%     P4= 8.98%     P5= 9.38%     
Processors Utiliz: 
P1= 37.3%     P2= 33.8%     P3= 25%     P4= 33.8%     P5= 32.4%     
Avg Utilization: 32.5
