TT	PID	AT	CT	IO_D	|  	WT	RT	TRT
33	6	6	20	37	|  	7	0	27
35	7	7	20	37	|  	8	0	28
37	11	11	20	37	|  	6	0	26
39	10	10	20	37	|  	9	0	29
56	13	2	54	0	|  	54	0	54
56	15	3	52	0	|  	1	53	53
56	19	7	48	0	|  	1	49	49
57	12	2	55	0	|  	55	0	55
57	17	4	52	0	|  	1	53	53
61	2	2	56	37	|  	3	0	59
61	14	3	54	0	|  	4	53	58
61	24	58	51	0	|  	3	3	3
61	25	59	50	0	|  	2	2	2
130	4	4	20	37	|  	106	0	126
137	3	3	134	0	|  	134	0	134
137	16	3	133	0	|  	1	11	134
137	20	15	131	0	|  	122	122	122
137	21	21	125	0	|  	116	36	116
137	22	57	124	0	|  	80	80	80
137	23	58	123	0	|  	79	79	79
137	18	5	131	0	|  	1	56	132
137	26	63	128	0	|  	74	74	74
137	27	64	127	0	|  	73	73	73
147	5	5	20	37	|  	122	0	142
164	8	8	20	37	|  	136	9	156
181	9	9	20	37	|  	152	9	172
271	1	1	200	37	|  	70	0	270

Processes: 27
Avg WT = 52.6	Avg RT = 28.2	Avg TRT = 85.4
Migration %: 	RTF= 33.3%	MAxW= 14.8%
Work steal %: 3.7%
Forked processes %: 59.3
killed processes %: 0

Processors: 8[4 FCFS, 2 SJF, 2 RR ]
Processors Load: 
P1= 5.9%     P2= 5.85%     P3= 5.85%     P4= 5.81%     P5= 5.29%     P6= 1.91%     P7= 8.72%     P8= 1.56%     
Processors Utiliz: 
P1= 50.9%     P2= 49.8%     P3= 49.8%     P4= 49.4%     P5= 45%     P6= 16.2%     P7= 60.4%     P8= 12.8%     
Avg Utilization: 41.8
