TT	PID	AT	CT	IO_D	|  	WT	RT	TRT
22	7	7	20	37	|  	15	0	15
24	8	8	20	37	|  	16	0	16
26	9	9	20	37	|  	17	0	17
32	11	11	20	0	|  	1	1	21
56	13	2	54	0	|  	54	0	54
56	14	3	52	0	|  	1	53	53
56	19	6	49	0	|  	1	50	50
57	12	2	55	0	|  	55	0	55
57	15	4	52	0	|  	1	53	53
108	17	5	52	0	|  	51	51	103
108	23	58	49	0	|  	1	50	50
108	24	61	46	0	|  	1	47	47
131	4	4	20	37	|  	107	0	127
137	3	3	134	0	|  	134	0	134
137	16	4	132	0	|  	1	10	133
137	20	14	131	0	|  	123	123	123
137	21	18	127	0	|  	119	90	119
137	26	110	124	0	|  	27	27	27
137	27	116	118	0	|  	21	21	21
137	18	5	131	0	|  	1	52	132
137	22	58	129	0	|  	79	79	79
137	25	63	124	0	|  	74	74	74
154	2	2	56	37	|  	96	0	152
170	5	5	20	48	|  	145	0	165
213	6	6	20	47	|  	187	0	207
248	10	10	20	54	|  	218	7	238
260	1	1	200	37	|  	59	0	259

Processes: 27
Avg WT = 59.4	Avg RT = 29.2	Avg TRT = 93.5
Migration %: 	RTF= 37%	MAxW= 22.2%
Work steal %: 3.7%
Forked processes %: 59.3
killed processes %: 0

Processors: 10[4 FCFS, 2 SJF, 4 RR ]
Processors Load: 
P1= 5.39%     P2= 5.35%     P3= 5.35%     P4= 5.31%     P5= 1.94%     P6= 1.66%     P7= 6.77%     P8= 4.16%     P9= 0.713%     P10= 0.713%     
Processors Utiliz: 
P1= 53.5%     P2= 51.9%     P3= 51.9%     P4= 51.5%     P5= 18.8%     P6= 16.2%     P7= 54.8%     P8= 36.2%     P9= 6.79%     P10= 6.79%     
Avg Utilization: 34.9
